<?xml version="1.0"?>
<opencv_storage>
<Intrinsic_Matrix>
  5.6029552362648471e-315 5.6472231624049578e-315 1.4163416911841856e+18
  4.2530896468770816e+17 5.6118317283524730e-315 7.8125000000000000e-03
  0. 1.0636462456983135e-311 1.0588758997203267e-311</Intrinsic_Matrix>
<discoeffs>
  -8.8357882302788473e-14 -8.2411403141141983e-16
  1.2668314872739546e-311 1.2689534830654139e-311</discoeffs>
</opencv_storage>
