<?xml version="1.0"?>
<opencv_storage>
<intrinsic_matrix>
  3.2721576451011396e+02 0. 6.3913853333291217e+02 0.
  3.2602306388215783e+02 3.6206074309792928e+02 0. 0. 1.</intrinsic_matrix>
<distortion_coeffs>
  6.9703462974376143e-02 -1.8738660202294380e-02 1.6583385365775284e-02
  -4.0568375742832501e-03</distortion_coeffs>
</opencv_storage>
