<?xml version="1.0"?>
<opencv_storage>
<Intrinsic_Matrix>
  5.6033300641077210e-315 5.6472231624049578e-315 1.4163416912137439e+18
  4.5704691757927629e+17 5.6118317283524730e-315 7.8125000000000000e-03
  0. 1.0636462456983135e-311 1.0588758997203267e-311</Intrinsic_Matrix>
<discoeffs>
  -1.0974213082548001e-16 -3.3594765025626248e-21
  1.2668314872739546e-311 1.2689534830654139e-311</discoeffs>
</opencv_storage>
