<opencv_storage>
    <Intrinsic_Matrix> 1463.7123711373114929 0.0000000000000000 633.9923316886471412 
    0.0000000000000000 1465.2284127698394514 422.9274470958031884 
    0.0000000000000000 0.0000000000000000 1.0000000000000000<Intrinsic_Matrix> 
</opencv_storage>