img0:
R:
0.168701 -0.936054 -0.308778 
0.274123 0.345465 -0.897502 
0.946782 0.0667662 0.314874 
r: 0.801532 -1.04366 1.00594 
t: -0.0642865 -0.195429 0.619337 
img1:
R:
0.315626 -0.948701 0.0186098 
0.320822 0.088237 -0.94302 
0.893002 0.303612 0.332214 
r: 1.07096 -0.751177 1.09063 
t: -0.292709 -0.279771 1.22826 
img2:
R:
0.118944 -0.986729 -0.110539 
0.234907 0.136134 -0.962438 
0.964713 0.0885102 0.247981 
r: 0.988354 -1.01121 1.14888 
t: -0.220382 -0.0522148 0.290223 
img3:
R:
0.275353 -0.960644 0.0366595 
0.440012 0.0920341 -0.893263 
0.854734 0.262093 0.448037 
r: 0.964921 -0.683233 1.16979 
t: -0.137999 -0.816199 0.539205 
img4:
R:
0.378854 -0.924803 -0.0347816 
0.339202 0.173729 -0.924532 
0.861053 0.338465 0.379513 
r: 1.01399 -0.719212 1.01479 
t: -0.413287 -0.367385 0.833275 
img5:
R:
0.431479 -0.893797 0.122282 
0.347517 0.0395933 -0.936837 
0.832501 0.446721 0.327694 
r: 1.16226 -0.596623 1.04277 
t: -0.521717 -0.205413 1.21783 
img6:
R:
0.272329 -0.959941 0.065953 
0.277824 0.0128224 -0.960546 
0.921222 0.279908 0.270187 
r: 1.14189 -0.78731 1.13941 
t: -0.258292 -0.166206 0.302022 
img7:
R:
0.142839 -0.987877 -0.060789 
0.27794 0.0989834 -0.955485 
0.949919 0.119584 0.288709 
r: 0.999655 -0.939809 1.17702 
t: -0.178037 -0.107279 0.232299 
img8:
R:
0.787158 -0.413996 0.457153 
0.522242 0.0531048 -0.851142 
0.328093 0.908728 0.258008 
r: 1.34056 0.0983105 0.713171 
t: -1.89171 -0.657081 2.10244 
img9:
R:
0.324817 -0.925621 0.194215 
0.349437 -0.0733665 -0.934083 
0.878856 0.371272 0.299615 
r: 1.2037 -0.631327 1.17577 
t: -0.622303 -0.142038 1.27461 
img10:
R:
0.332977 -0.942899 0.00818179 
0.282004 0.0913001 -0.955059 
0.899778 0.32032 0.296303 
r: 1.10187 -0.7703 1.05826 
t: -0.459007 -0.227026 0.292706 
